Starting parallel placement...
Algorithm is starting for subdomain 0
Algorithm is starting for subdomain 1
subdomain  0 :  [12719  8145 12090 12552 11955]
subdomain  0 :  [12719  8145 12090 12552 11955 12461]
subdomain  0 :  [12719  8145 12090 12552 11955 12461  7334]
subdomain  0 :  [12719  8145 12090 12552 11955 12461  7334  4041]
subdomain  0 :  [12719  8145 12090 12552 11955 12461  7334  4041 12179]
subdomain  0 :  [12719  8145 12090 12552 11955 12461  7334  4041 12179 11462]
subdomain  1 :  [2831  168 2710 2937 2733]
subdomain  1 :  [ 2831   168  2710  2937  2733 12270]
subdomain  1 :  [ 2831   168  2710  2937  2733 12270   460]
subdomain  1 :  [ 2831   168  2710  2937  2733 12270   460 11839]
subdomain  1 :  [ 2831   168  2710  2937  2733 12270   460 11839  2707]
subdomain  1 :  [ 2831   168  2710  2937  2733 12270   460 11839  2707 11628]
The parallel placement algorithm takes  78413.70048499107 seconds
-------------------------
subdomain 6: 
 [[-102.79695274   -9.66249731   45.4370921 ]
 [-132.11791117 -134.89612082    6.27153123]
 [ -96.31407614 -137.5102585     4.57597462]
 [ -55.33138364  -79.14517937    0.2       ]
 [-107.17443198 -134.54329103    6.29756657]
 [-138.32120054 -148.13508534    0.2       ]
 [-110.75298148 -118.94871006   19.5       ]
 [-103.72448223 -124.25019225    0.2       ]
 [ -94.29400802 -138.75463422    0.2       ]
 [ -70.44416855  -97.5980554    10.72806936]]
subdomain 8: 
 [[-139.29676352 -165.18256404    1.71109444]
 [ -77.51444104 -141.01948437    0.2       ]
 [-145.05444685 -164.57044966    0.2       ]
 [-140.75126936 -159.88046503    0.2       ]
 [-141.33278741 -164.86605444    1.93464439]
 [ -47.24855811  -92.52930076    0.2       ]
 [-134.72486881 -164.02218503    0.67196194]
 [ -33.12156685  -93.70064801    8.42234921]
 [-138.0820964  -158.82787049    0.2       ]
 [-105.19154165 -130.57467201   17.25951107]]
